# Blender v2.92.0 OBJ File: 'untitled.blend'
# www.blender.org
mtllib untitled2.mtl
o Cube.020
v 91.088905 24.729092 78.472282
v 91.088905 -24.729092 78.472282
v 104.252258 24.729092 78.344276
v 104.252258 -24.729092 78.344276
v 90.875000 24.729092 56.475761
v 90.875000 -24.729092 56.475761
v 104.038353 24.729092 56.347755
v 104.038353 -24.729092 56.347755
v 84.045769 10.070682 59.596413
v 83.662224 9.275482 51.528915
v 76.542923 9.710627 59.988602
v 76.159386 8.915426 51.921104
v 86.020294 -27.177551 63.174046
v 85.636749 -27.972752 55.106548
v 78.517456 -27.537607 63.566231
v 78.133911 -28.332808 55.498734
v 103.571091 -32.553307 73.482986
v 103.571091 17.559315 73.482986
v 102.122810 -32.553307 61.341991
v 102.122810 17.559315 61.341991
v 78.207504 -32.553307 76.508575
v 78.207504 17.559315 76.508575
v 76.759224 -32.553307 64.367577
v 76.759224 17.559315 64.367577
vt 0.875000 0.500000
vt 0.625000 0.500000
vt 0.625000 0.750000
vt 0.375000 0.750000
vt 0.375000 1.000000
vt 0.625000 0.000000
vt 0.375000 0.000000
vt 0.375000 0.250000
vt 0.375000 0.500000
vt 0.125000 0.500000
vt 0.125000 0.750000
vt 0.625000 0.250000
vt 0.625000 0.500000
vt 0.625000 0.750000
vt 0.875000 0.750000
vt 0.375000 0.750000
vt 0.375000 1.000000
vt 0.625000 0.000000
vt 0.375000 0.000000
vt 0.375000 0.250000
vt 0.375000 0.500000
vt 0.125000 0.500000
vt 0.125000 0.750000
vt 0.875000 0.500000
vt 0.625000 0.500000
vt 0.625000 0.750000
vt 0.375000 0.750000
vt 0.375000 1.000000
vt 0.625000 0.000000
vt 0.375000 0.000000
vt 0.375000 0.250000
vt 0.125000 0.500000
vt 0.125000 0.750000
vt 0.375000 0.500000
vt 0.625000 0.250000
vt 0.875000 0.750000
vt 0.625000 1.000000
vt 0.875000 0.500000
vt 0.625000 1.000000
vt 0.625000 0.250000
vt 0.875000 0.750000
vt 0.625000 1.000000
vn 0.0000 1.0000 0.0000
vn 1.0000 0.0000 -0.0097
vn -0.0097 0.0000 -1.0000
vn 0.0000 -1.0000 0.0000
vn 0.0097 0.0000 1.0000
vn -1.0000 0.0000 0.0097
vn 0.0473 0.0980 0.9941
vn -0.9975 -0.0479 0.0521
vn 0.0527 -0.9940 0.0955
vn -0.0473 -0.0980 -0.9941
vn -0.0527 0.9940 -0.0955
vn 0.9975 0.0479 -0.0521
vn 0.1184 0.0000 0.9930
vn 0.9930 0.0000 -0.1184
vn -0.9930 0.0000 0.1184
vn -0.1184 0.0000 -0.9930
usemtl マテリアル.016
s off
f 5/1/1 1/2/1 3/3/1
f 3/3/2 4/4/2 8/5/2
f 7/6/3 8/7/3 6/8/3
f 2/9/4 6/10/4 8/11/4
f 1/2/5 2/9/5 4/4/5
f 5/12/6 6/8/6 2/9/6
f 9/13/7 11/14/7 15/15/7
f 11/14/8 12/16/8 16/17/8
f 15/18/9 16/19/9 14/20/9
f 10/21/10 14/22/10 16/23/10
f 10/21/11 12/16/11 11/14/11
f 14/20/12 10/21/12 9/13/12
f 21/24/1 17/25/1 19/26/1
f 19/26/13 20/27/13 24/28/13
f 23/29/14 24/30/14 22/31/14
f 22/32/4 24/33/4 20/27/4
f 17/25/15 18/34/15 20/27/15
f 21/35/16 22/31/16 18/34/16
f 5/1/1 3/3/1 7/36/1
f 3/3/2 8/5/2 7/37/2
f 7/6/3 6/8/3 5/12/3
f 2/9/4 8/11/4 4/4/4
f 1/2/5 4/4/5 3/3/5
f 5/12/6 2/9/6 1/2/6
f 9/13/7 15/15/7 13/38/7
f 11/14/8 16/17/8 15/39/8
f 15/18/9 14/20/9 13/40/9
f 10/21/10 16/23/10 12/16/10
f 10/21/11 11/14/11 9/13/11
f 14/20/12 9/13/12 13/40/12
f 21/24/1 19/26/1 23/41/1
f 19/26/13 24/28/13 23/42/13
f 23/29/14 22/31/14 21/35/14
f 22/32/4 20/27/4 18/34/4
f 17/25/15 20/27/15 19/26/15
f 21/35/16 18/34/16 17/25/16
o Cube.005_Cube.061
v -81.495461 24.729092 58.756073
v -81.495461 -24.729092 58.756073
v -92.129852 24.729092 66.514938
v -92.129852 -24.729092 66.514938
v -68.530075 24.729092 76.526596
v -68.530075 -24.729092 76.526596
v -79.164467 24.729092 84.285461
v -79.164467 -24.729092 84.285461
v -64.788979 10.070682 70.016518
v -59.785564 9.275482 76.356659
v -58.913231 9.710627 65.334427
v -53.909817 8.915426 71.674576
v -68.475777 -27.177551 68.254219
v -63.472363 -27.972752 74.594360
v -62.600029 -27.537607 63.572128
v -57.596611 -28.332808 69.912270
v -88.748779 -32.553303 70.073639
v -88.748779 17.559317 70.073639
v -80.510353 -32.553303 79.108551
v -80.510353 17.559317 79.108551
v -69.874084 -32.553303 52.862854
v -69.874084 17.559317 52.862854
v -61.635651 -32.553303 61.897762
v -61.635651 17.559317 61.897762
vt 0.875000 0.500000
vt 0.625000 0.500000
vt 0.625000 0.750000
vt 0.375000 0.750000
vt 0.375000 1.000000
vt 0.625000 0.000000
vt 0.375000 0.000000
vt 0.375000 0.250000
vt 0.375000 0.500000
vt 0.125000 0.500000
vt 0.125000 0.750000
vt 0.625000 0.250000
vt 0.625000 0.500000
vt 0.625000 0.750000
vt 0.875000 0.750000
vt 0.375000 0.750000
vt 0.375000 1.000000
vt 0.625000 0.000000
vt 0.375000 0.000000
vt 0.375000 0.250000
vt 0.375000 0.500000
vt 0.125000 0.500000
vt 0.125000 0.750000
vt 0.875000 0.500000
vt 0.625000 0.500000
vt 0.625000 0.750000
vt 0.375000 0.750000
vt 0.375000 1.000000
vt 0.625000 0.000000
vt 0.375000 0.000000
vt 0.375000 0.250000
vt 0.125000 0.500000
vt 0.125000 0.750000
vt 0.375000 0.500000
vt 0.625000 0.250000
vt 0.875000 0.750000
vt 0.625000 1.000000
vt 0.875000 0.500000
vt 0.625000 1.000000
vt 0.625000 0.250000
vt 0.875000 0.750000
vt 0.625000 1.000000
vn 0.0000 1.0000 -0.0000
vn -0.8078 0.0000 0.5894
vn 0.5894 0.0000 0.8078
vn 0.0000 -1.0000 -0.0000
vn -0.5894 0.0000 -0.8078
vn 0.8078 0.0000 -0.5894
vn -0.6165 0.0980 -0.7812
vn 0.7812 -0.0479 -0.6225
vn -0.0984 -0.9940 -0.0470
vn 0.6165 -0.0980 0.7812
vn 0.0984 0.9940 0.0470
vn -0.7812 0.0479 0.6225
vn -0.6738 0.0000 -0.7389
vn -0.7389 0.0000 0.6738
vn 0.7389 0.0000 -0.6738
vn 0.6738 0.0000 0.7389
usemtl マテリアル.019
s off
f 29/43/17 25/44/17 27/45/17
f 27/45/18 28/46/18 32/47/18
f 31/48/19 32/49/19 30/50/19
f 26/51/20 30/52/20 32/53/20
f 25/44/21 26/51/21 28/46/21
f 29/54/22 30/50/22 26/51/22
f 33/55/23 35/56/23 39/57/23
f 35/56/24 36/58/24 40/59/24
f 39/60/25 40/61/25 38/62/25
f 34/63/26 38/64/26 40/65/26
f 34/63/27 36/58/27 35/56/27
f 38/62/28 34/63/28 33/55/28
f 45/66/17 41/67/17 43/68/17
f 43/68/29 44/69/29 48/70/29
f 47/71/30 48/72/30 46/73/30
f 46/74/20 48/75/20 44/69/20
f 41/67/31 42/76/31 44/69/31
f 45/77/32 46/73/32 42/76/32
f 29/43/17 27/45/17 31/78/17
f 27/45/18 32/47/18 31/79/18
f 31/48/19 30/50/19 29/54/19
f 26/51/20 32/53/20 28/46/20
f 25/44/21 28/46/21 27/45/21
f 29/54/22 26/51/22 25/44/22
f 33/55/23 39/57/23 37/80/23
f 35/56/24 40/59/24 39/81/24
f 39/60/25 38/62/25 37/82/25
f 34/63/26 40/65/26 36/58/26
f 34/63/27 35/56/27 33/55/27
f 38/62/28 33/55/28 37/82/28
f 45/66/17 43/68/17 47/83/17
f 43/68/29 48/70/29 47/84/29
f 47/71/30 46/73/30 45/77/30
f 46/74/20 44/69/20 42/76/20
f 41/67/31 44/69/31 43/68/31
f 45/77/32 42/76/32 41/67/32
o Cube.008_Cube.090
v -53.437321 -7.981336 155.195160
v -53.437321 10.873338 152.427109
v -57.952209 -9.777466 142.960785
v -57.952209 9.077208 140.192734
v -32.774017 -9.077208 147.730606
v -32.774017 9.777466 144.962555
v -37.288906 -10.873338 135.496231
v -37.288906 7.981336 132.728180
v -34.490177 -3.014622 154.230988
v -26.835718 -2.590048 151.670822
v -32.217789 -1.619664 161.256378
v -24.563332 -1.195090 158.696213
v -36.100540 11.627576 151.844528
v -28.446083 12.052151 149.284363
v -33.828156 13.022533 158.869904
v -26.173695 13.447107 156.309738
v -53.162376 11.903979 138.692139
v -53.162376 -7.200184 141.496826
v -41.288895 11.479958 135.803909
v -41.288895 -7.624206 138.608597
v -47.063927 15.506943 163.233795
v -47.063927 -3.597220 166.038483
v -35.190445 15.082922 160.345566
v -35.190445 -4.021242 163.150253
vt 0.875000 0.500000
vt 0.625000 0.500000
vt 0.625000 0.750000
vt 0.375000 0.750000
vt 0.375000 1.000000
vt 0.625000 0.000000
vt 0.375000 0.000000
vt 0.375000 0.250000
vt 0.375000 0.500000
vt 0.125000 0.500000
vt 0.125000 0.750000
vt 0.625000 0.250000
vt 0.625000 0.500000
vt 0.625000 0.750000
vt 0.875000 0.750000
vt 0.375000 0.750000
vt 0.375000 1.000000
vt 0.625000 1.000000
vt 0.625000 0.000000
vt 0.375000 0.000000
vt 0.375000 0.250000
vt 0.375000 0.500000
vt 0.125000 0.500000
vt 0.125000 0.750000
vt 0.625000 0.250000
vt 0.875000 0.500000
vt 0.625000 0.500000
vt 0.625000 0.750000
vt 0.375000 0.750000
vt 0.375000 1.000000
vt 0.625000 0.000000
vt 0.375000 0.000000
vt 0.375000 0.250000
vt 0.125000 0.500000
vt 0.125000 0.750000
vt 0.375000 0.500000
vt 0.625000 0.250000
vt 0.875000 0.750000
vt 0.625000 1.000000
vt 0.875000 0.500000
vt 0.875000 0.750000
vt 0.625000 1.000000
vn 0.0000 -0.9894 0.1453
vn -0.3430 -0.1364 -0.9294
vn 0.9393 -0.0498 -0.3393
vn 0.0000 0.9894 -0.1453
vn -0.9393 0.0498 0.3393
vn 0.3430 0.1364 0.9294
vn -0.9471 -0.0525 0.3168
vn 0.3024 0.1856 0.9349
vn -0.1079 0.9812 -0.1599
vn 0.9470 0.0525 -0.3168
vn 0.1079 -0.9812 0.1599
vn -0.3024 -0.1856 -0.9349
vn -0.9711 0.0347 0.2362
vn -0.2387 -0.1411 -0.9608
vn 0.2388 0.1411 0.9608
vn 0.9711 -0.0347 -0.2362
vn 0.9471 0.0525 -0.3168
vn 0.2387 0.1411 0.9608
usemtl マテリアル.018
s off
f 53/85/33 49/86/33 51/87/33
f 51/87/34 52/88/34 56/89/34
f 55/90/35 56/91/35 54/92/35
f 50/93/36 54/94/36 56/95/36
f 49/86/37 50/93/37 52/88/37
f 53/96/38 54/92/38 50/93/38
f 57/97/39 59/98/39 63/99/39
f 60/100/40 64/101/40 63/102/40
f 63/103/41 64/104/41 62/105/41
f 58/106/42 62/107/42 64/108/42
f 58/106/43 60/100/43 59/98/43
f 61/109/44 62/105/44 58/106/44
f 69/110/33 65/111/33 67/112/33
f 67/112/45 68/113/45 72/114/45
f 71/115/46 72/116/46 70/117/46
f 70/118/36 72/119/36 68/113/36
f 65/111/47 66/120/47 68/113/47
f 69/121/48 70/117/48 66/120/48
f 53/85/33 51/87/33 55/122/33
f 51/87/34 56/89/34 55/123/34
f 55/90/35 54/92/35 53/96/35
f 50/93/36 56/95/36 52/88/36
f 49/86/37 52/88/37 51/87/37
f 53/96/38 50/93/38 49/86/38
f 57/97/39 63/99/39 61/124/39
f 60/100/40 63/102/40 59/98/40
f 63/103/41 62/105/41 61/109/41
f 58/106/49 64/108/49 60/100/49
f 58/106/43 59/98/43 57/97/43
f 61/109/44 58/106/44 57/97/44
f 69/110/33 67/112/33 71/125/33
f 67/112/45 72/114/45 71/126/45
f 71/115/46 70/117/46 69/121/46
f 70/118/36 68/113/36 66/120/36
f 65/111/50 68/113/50 67/112/50
f 69/121/48 66/120/48 65/111/48
o Cube.001_Cube.093
v 35.208389 -9.151235 159.916779
v 35.208385 9.892339 159.207428
v 30.693497 -9.611511 147.559830
v 30.693493 9.432062 146.850479
v 55.871693 -9.432062 152.377426
v 55.871689 9.611511 151.668076
v 51.356800 -9.892339 140.020477
v 51.356796 9.151235 139.311127
v 54.155537 -4.109300 159.496307
v 61.809998 -3.409895 156.997192
v 56.427925 -3.483573 166.631454
v 64.082382 -2.784167 164.132339
v 52.545174 10.705252 158.709976
v 60.199631 11.404657 156.210876
v 54.817562 11.330977 165.845139
v 62.472023 12.030383 163.346024
v 35.483330 12.404751 145.664948
v 35.483334 -6.890811 146.383667
v 47.356812 12.296092 142.747772
v 47.356815 -6.999470 143.466492
v 41.581779 13.328049 170.452484
v 41.581783 -5.967514 171.171204
v 53.455261 13.219389 167.535309
v 53.455265 -6.076173 168.254028
vt 0.875000 0.500000
vt 0.625000 0.500000
vt 0.625000 0.750000
vt 0.375000 0.750000
vt 0.375000 1.000000
vt 0.625000 0.000000
vt 0.375000 0.000000
vt 0.375000 0.250000
vt 0.375000 0.500000
vt 0.125000 0.500000
vt 0.125000 0.750000
vt 0.625000 0.250000
vt 0.625000 0.500000
vt 0.625000 0.750000
vt 0.875000 0.750000
vt 0.375000 0.750000
vt 0.375000 1.000000
vt 0.625000 1.000000
vt 0.625000 0.000000
vt 0.375000 0.000000
vt 0.375000 0.250000
vt 0.375000 0.500000
vt 0.125000 0.500000
vt 0.125000 0.750000
vt 0.625000 0.250000
vt 0.875000 0.500000
vt 0.625000 0.500000
vt 0.625000 0.750000
vt 0.375000 0.750000
vt 0.375000 1.000000
vt 0.625000 0.000000
vt 0.375000 0.000000
vt 0.375000 0.250000
vt 0.125000 0.500000
vt 0.125000 0.750000
vt 0.375000 0.500000
vt 0.625000 0.250000
vt 0.875000 0.750000
vt 0.625000 1.000000
vt 0.875000 0.500000
vt 0.875000 0.750000
vt 0.625000 1.000000
vn 0.0000 -0.9993 0.0372
vn -0.3430 -0.0350 -0.9387
vn 0.9393 -0.0128 -0.3427
vn -0.0000 0.9993 -0.0372
vn -0.9393 0.0128 0.3427
vn 0.3430 0.0350 0.9387
vn -0.9471 -0.0865 0.3092
vn 0.3024 0.0833 0.9495
vn -0.1079 0.9928 -0.0527
vn 0.9471 0.0865 -0.3092
vn 0.1079 -0.9928 0.0527
vn -0.3024 -0.0833 -0.9495
vn -0.9711 0.0089 0.2386
vn -0.2387 -0.0361 -0.9704
vn 0.2388 0.0361 0.9704
vn 0.9711 -0.0089 -0.2386
vn 0.2387 0.0361 0.9704
usemtl マテリアル.017
s off
f 77/127/51 73/128/51 75/129/51
f 75/129/52 76/130/52 80/131/52
f 79/132/53 80/133/53 78/134/53
f 74/135/54 78/136/54 80/137/54
f 73/128/55 74/135/55 76/130/55
f 77/138/56 78/134/56 74/135/56
f 81/139/57 83/140/57 87/141/57
f 84/142/58 88/143/58 87/144/58
f 87/145/59 88/146/59 86/147/59
f 82/148/60 86/149/60 88/150/60
f 82/148/61 84/142/61 83/140/61
f 85/151/62 86/147/62 82/148/62
f 93/152/51 89/153/51 91/154/51
f 91/154/63 92/155/63 96/156/63
f 95/157/64 96/158/64 94/159/64
f 94/160/54 96/161/54 92/155/54
f 89/153/65 90/162/65 92/155/65
f 93/163/66 94/159/66 90/162/66
f 77/127/51 75/129/51 79/164/51
f 75/129/52 80/131/52 79/165/52
f 79/132/53 78/134/53 77/138/53
f 74/135/54 80/137/54 76/130/54
f 73/128/55 76/130/55 75/129/55
f 77/138/56 74/135/56 73/128/56
f 81/139/57 87/141/57 85/166/57
f 84/142/58 87/144/58 83/140/58
f 87/145/59 86/147/59 85/151/59
f 82/148/60 88/150/60 84/142/60
f 82/148/61 83/140/61 81/139/61
f 85/151/62 82/148/62 81/139/62
f 93/152/51 91/154/51 95/167/51
f 91/154/63 96/156/63 95/168/63
f 95/157/64 94/159/64 93/163/64
f 94/160/54 92/155/54 90/162/54
f 89/153/67 92/155/67 91/154/67
f 93/163/66 90/162/66 89/153/66
o Cube.004_Cube.096
v -38.542095 24.729092 23.109589
v -38.542095 -24.729092 23.109589
v -48.296715 24.729092 14.270038
v -48.296715 -24.729092 14.270038
v -53.313362 24.729092 39.409969
v -53.313362 -24.729092 39.409969
v -63.067982 24.729092 30.570419
v -63.067982 -24.729092 30.570419
v -46.179783 10.070683 41.752815
v -51.373257 9.275482 47.938236
v -40.403206 9.710628 46.556725
v -45.596680 8.915427 52.742146
v -45.201935 -27.177551 37.785198
v -50.395409 -27.972752 43.970619
v -39.425354 -27.537607 42.589104
v -44.618828 -28.332808 48.774529
v -51.095642 -32.553303 18.302668
v -51.095642 17.559317 18.302668
v -58.271683 -32.553303 28.202452
v -58.271683 17.559317 28.202452
v -30.414143 -32.553303 33.294033
v -30.414143 17.559317 33.294033
v -37.590183 -32.553303 43.193817
v -37.590183 17.559317 43.193817
vt 0.875000 0.500000
vt 0.625000 0.500000
vt 0.625000 0.750000
vt 0.375000 0.750000
vt 0.375000 1.000000
vt 0.625000 0.000000
vt 0.375000 0.000000
vt 0.375000 0.250000
vt 0.375000 0.500000
vt 0.125000 0.500000
vt 0.125000 0.750000
vt 0.625000 0.250000
vt 0.625000 0.500000
vt 0.625000 0.750000
vt 0.875000 0.750000
vt 0.375000 0.750000
vt 0.375000 1.000000
vt 0.625000 0.000000
vt 0.375000 0.000000
vt 0.375000 0.250000
vt 0.375000 0.500000
vt 0.125000 0.500000
vt 0.125000 0.750000
vt 0.875000 0.500000
vt 0.625000 0.500000
vt 0.625000 0.750000
vt 0.375000 0.750000
vt 0.375000 1.000000
vt 0.625000 0.000000
vt 0.375000 0.000000
vt 0.375000 0.250000
vt 0.125000 0.500000
vt 0.125000 0.750000
vt 0.375000 0.500000
vt 0.625000 0.250000
vt 0.875000 0.750000
vt 0.625000 1.000000
vt 0.875000 0.500000
vt 0.625000 1.000000
vt 0.625000 0.250000
vt 0.875000 0.750000
vt 0.625000 1.000000
vn 0.0000 1.0000 0.0000
vn -0.7410 0.0000 -0.6715
vn -0.6715 0.0000 0.7410
vn 0.0000 -1.0000 -0.0000
vn 0.6715 0.0000 -0.7410
vn 0.7410 0.0000 0.6715
vn 0.6399 0.0980 -0.7622
vn 0.7680 -0.0479 0.6387
vn 0.0261 -0.9940 -0.1059
vn -0.6399 -0.0980 0.7622
vn -0.0261 0.9940 0.1059
vn -0.7680 0.0479 -0.6387
vn 0.5869 0.0000 -0.8097
vn -0.8097 0.0000 -0.5869
vn 0.8097 0.0000 0.5869
vn -0.5869 0.0000 0.8097
usemtl マテリアル.010
s off
f 101/169/68 97/170/68 99/171/68
f 99/171/69 100/172/69 104/173/69
f 103/174/70 104/175/70 102/176/70
f 98/177/71 102/178/71 104/179/71
f 97/170/72 98/177/72 100/172/72
f 101/180/73 102/176/73 98/177/73
f 105/181/74 107/182/74 111/183/74
f 107/182/75 108/184/75 112/185/75
f 111/186/76 112/187/76 110/188/76
f 106/189/77 110/190/77 112/191/77
f 106/189/78 108/184/78 107/182/78
f 110/188/79 106/189/79 105/181/79
f 117/192/68 113/193/68 115/194/68
f 115/194/80 116/195/80 120/196/80
f 119/197/81 120/198/81 118/199/81
f 118/200/71 120/201/71 116/195/71
f 113/193/82 114/202/82 116/195/82
f 117/203/83 118/199/83 114/202/83
f 101/169/68 99/171/68 103/204/68
f 99/171/69 104/173/69 103/205/69
f 103/174/70 102/176/70 101/180/70
f 98/177/71 104/179/71 100/172/71
f 97/170/72 100/172/72 99/171/72
f 101/180/73 98/177/73 97/170/73
f 105/181/74 111/183/74 109/206/74
f 107/182/75 112/185/75 111/207/75
f 111/186/76 110/188/76 109/208/76
f 106/189/77 112/191/77 108/184/77
f 106/189/78 107/182/78 105/181/78
f 110/188/79 105/181/79 109/208/79
f 117/192/68 115/194/68 119/209/68
f 115/194/80 120/196/80 119/210/80
f 119/197/81 118/199/81 117/203/81
f 118/200/71 116/195/71 114/202/71
f 113/193/82 116/195/82 115/194/82
f 117/203/83 114/202/83 113/193/83
o Cube.013_Cube.099
v -44.991306 24.729092 -9.637088
v -44.991306 -24.729092 -9.637088
v -31.827953 24.729092 -9.765094
v -31.827953 -24.729092 -9.765094
v -45.205212 24.729092 -31.633610
v -45.205212 -24.729092 -31.633610
v -32.041859 24.729092 -31.761616
v -32.041859 -24.729092 -31.761616
v -52.034447 10.070683 -28.512957
v -52.417988 9.275482 -36.580452
v -59.537285 9.710628 -28.120768
v -59.920830 8.915427 -36.188267
v -50.059921 -27.177551 -24.935328
v -50.443462 -27.972752 -33.002823
v -57.562759 -27.537607 -24.543139
v -57.946301 -28.332808 -32.610634
v -32.509121 -32.553303 -14.626380
v -32.509121 17.559317 -14.626380
v -33.957401 -32.553303 -26.767376
v -33.957401 17.559317 -26.767376
v -57.872704 -32.553303 -11.600794
v -57.872704 17.559317 -11.600794
v -59.320988 -32.553303 -23.741791
v -59.320988 17.559317 -23.741791
vt 0.875000 0.500000
vt 0.625000 0.500000
vt 0.625000 0.750000
vt 0.375000 0.750000
vt 0.375000 1.000000
vt 0.625000 0.000000
vt 0.375000 0.000000
vt 0.375000 0.250000
vt 0.375000 0.500000
vt 0.125000 0.500000
vt 0.125000 0.750000
vt 0.625000 0.250000
vt 0.625000 0.500000
vt 0.625000 0.750000
vt 0.875000 0.750000
vt 0.375000 0.750000
vt 0.375000 1.000000
vt 0.625000 0.000000
vt 0.375000 0.000000
vt 0.375000 0.250000
vt 0.375000 0.500000
vt 0.125000 0.500000
vt 0.125000 0.750000
vt 0.875000 0.500000
vt 0.625000 0.500000
vt 0.625000 0.750000
vt 0.375000 0.750000
vt 0.375000 1.000000
vt 0.625000 0.000000
vt 0.375000 0.000000
vt 0.375000 0.250000
vt 0.125000 0.500000
vt 0.125000 0.750000
vt 0.375000 0.500000
vt 0.625000 0.250000
vt 0.875000 0.750000
vt 0.625000 1.000000
vt 0.875000 0.500000
vt 0.625000 1.000000
vt 0.625000 0.250000
vt 0.875000 0.750000
vt 0.625000 1.000000
vn 0.0000 1.0000 0.0000
vn 1.0000 0.0000 -0.0097
vn -0.0097 0.0000 -1.0000
vn 0.0000 -1.0000 0.0000
vn 0.0097 0.0000 1.0000
vn -1.0000 0.0000 0.0097
vn 0.0473 0.0980 0.9941
vn -0.9975 -0.0479 0.0521
vn 0.0527 -0.9940 0.0955
vn -0.0473 -0.0980 -0.9941
vn -0.0527 0.9940 -0.0955
vn 0.9975 0.0479 -0.0521
vn 0.1184 0.0000 0.9930
vn 0.9930 0.0000 -0.1184
vn -0.9930 0.0000 0.1184
vn -0.1184 0.0000 -0.9930
usemtl マテリアル.009
s off
f 125/211/84 121/212/84 123/213/84
f 123/213/85 124/214/85 128/215/85
f 127/216/86 128/217/86 126/218/86
f 122/219/87 126/220/87 128/221/87
f 121/212/88 122/219/88 124/214/88
f 125/222/89 126/218/89 122/219/89
f 129/223/90 131/224/90 135/225/90
f 131/224/91 132/226/91 136/227/91
f 135/228/92 136/229/92 134/230/92
f 130/231/93 134/232/93 136/233/93
f 130/231/94 132/226/94 131/224/94
f 134/230/95 130/231/95 129/223/95
f 141/234/84 137/235/84 139/236/84
f 139/236/96 140/237/96 144/238/96
f 143/239/97 144/240/97 142/241/97
f 142/242/87 144/243/87 140/237/87
f 137/235/98 138/244/98 140/237/98
f 141/245/99 142/241/99 138/244/99
f 125/211/84 123/213/84 127/246/84
f 123/213/85 128/215/85 127/247/85
f 127/216/86 126/218/86 125/222/86
f 122/219/87 128/221/87 124/214/87
f 121/212/88 124/214/88 123/213/88
f 125/222/89 122/219/89 121/212/89
f 129/223/90 135/225/90 133/248/90
f 131/224/91 136/227/91 135/249/91
f 135/228/92 134/230/92 133/250/92
f 130/231/93 136/233/93 132/226/93
f 130/231/94 131/224/94 129/223/94
f 134/230/95 129/223/95 133/250/95
f 141/234/84 139/236/84 143/251/84
f 139/236/96 144/238/96 143/252/96
f 143/239/97 142/241/97 141/245/97
f 142/242/87 140/237/87 138/244/87
f 137/235/98 140/237/98 139/236/98
f 141/245/99 138/244/99 137/235/99
o Cube.018_Cube.104
v -64.835152 -25.056309 -70.654846
v -64.835152 25.056309 -70.654846
v -57.577366 -25.056309 -60.814835
v -57.577366 25.056309 -60.814835
v -44.278515 -25.056309 -85.816986
v -44.278515 25.056309 -85.816986
v -37.020733 -25.056309 -75.976974
v -37.020733 25.056309 -75.976974
v -56.448036 32.226086 -81.159828
v -56.448036 -17.232098 -81.159828
v -67.829231 32.226086 -74.544785
v -67.829231 -17.232098 -74.544785
v -45.394020 32.226086 -62.141373
v -45.394020 -17.232098 -62.141373
v -56.775215 32.226086 -55.526333
v -56.775215 -17.232098 -55.526333
v -40.998432 17.567675 -68.228714
v -36.678986 16.772474 -61.404198
v -34.669113 17.207619 -72.276688
v -30.349667 16.412418 -65.452179
v -44.482754 -19.680555 -70.363586
v -40.163307 -20.475754 -63.539078
v -38.153435 -20.040609 -74.411568
v -33.833988 -20.835810 -67.587051
vt 0.875000 0.500000
vt 0.625000 0.750000
vt 0.625000 0.500000
vt 0.375000 1.000000
vt 0.375000 0.750000
vt 0.625000 0.000000
vt 0.375000 0.250000
vt 0.375000 0.000000
vt 0.375000 0.500000
vt 0.125000 0.750000
vt 0.125000 0.500000
vt 0.625000 0.250000
vt 0.625000 0.500000
vt 0.875000 0.750000
vt 0.625000 0.750000
vt 0.375000 1.000000
vt 0.375000 0.750000
vt 0.625000 0.000000
vt 0.375000 0.250000
vt 0.375000 0.000000
vt 0.375000 0.500000
vt 0.125000 0.750000
vt 0.125000 0.500000
vt 0.625000 0.250000
vt 0.625000 0.500000
vt 0.875000 0.750000
vt 0.625000 0.750000
vt 0.375000 1.000000
vt 0.375000 0.750000
vt 0.625000 0.000000
vt 0.375000 0.250000
vt 0.375000 0.000000
vt 0.375000 0.500000
vt 0.125000 0.750000
vt 0.125000 0.500000
vt 0.875000 0.750000
vt 0.625000 1.000000
vt 0.875000 0.500000
vt 0.625000 1.000000
vt 0.875000 0.500000
vt 0.625000 1.000000
vt 0.625000 0.250000
vn 0.0000 -1.0000 -0.0000
vn 0.5936 0.0000 0.8048
vn 0.8048 0.0000 -0.5936
vn 0.0000 1.0000 0.0000
vn -0.8048 0.0000 0.5936
vn -0.5936 0.0000 -0.8048
vn 0.8646 0.0000 -0.5025
vn -0.5025 0.0000 -0.8646
vn 0.5025 0.0000 0.8646
vn -0.8646 0.0000 0.5025
vn 0.5322 -0.0980 0.8409
vn -0.8415 0.0479 0.5382
vn 0.0930 0.9940 0.0570
vn -0.5322 0.0980 -0.8409
vn -0.0930 -0.9940 -0.0570
vn 0.8415 -0.0479 -0.5382
usemtl マテリアル.008
s off
f 149/253/100 147/254/100 145/255/100
f 147/254/101 152/256/101 148/257/101
f 151/258/102 150/259/102 152/260/102
f 146/261/103 152/262/103 150/263/103
f 145/255/104 148/257/104 146/261/104
f 149/264/105 146/261/105 150/259/105
f 153/265/100 159/266/100 155/267/100
f 155/267/106 160/268/106 156/269/106
f 159/270/107 158/271/107 160/272/107
f 154/273/103 160/274/103 158/275/103
f 153/265/108 156/269/108 154/273/108
f 157/276/109 154/273/109 158/271/109
f 161/277/110 167/278/110 163/279/110
f 163/279/111 168/280/111 164/281/111
f 167/282/112 166/283/112 168/284/112
f 162/285/113 168/286/113 166/287/113
f 162/285/114 163/279/114 164/281/114
f 166/283/115 161/277/115 162/285/115
f 149/253/100 151/288/100 147/254/100
f 147/254/101 151/289/101 152/256/101
f 151/258/102 149/264/102 150/259/102
f 146/261/103 148/257/103 152/262/103
f 145/255/104 147/254/104 148/257/104
f 149/264/105 145/255/105 146/261/105
f 153/265/100 157/290/100 159/266/100
f 155/267/106 159/291/106 160/268/106
f 159/270/107 157/276/107 158/271/107
f 154/273/103 156/269/103 160/274/103
f 153/265/108 155/267/108 156/269/108
f 157/276/109 153/265/109 154/273/109
f 161/277/110 165/292/110 167/278/110
f 163/279/111 167/293/111 168/280/111
f 167/282/112 165/294/112 166/283/112
f 162/285/113 164/281/113 168/286/113
f 162/285/114 161/277/114 163/279/114
f 166/283/115 165/294/115 161/277/115
o Cube.023_Cube.107
v -77.457245 24.941740 -116.524094
v -77.457245 -25.156912 -115.341187
v -78.905525 25.228331 -104.386482
v -78.905525 -24.870321 -103.203575
v -102.820824 24.870321 -119.548836
v -102.820824 -25.228331 -118.365929
v -104.269104 25.156912 -107.411224
v -104.269104 -24.941740 -106.228317
v -89.939438 -32.442463 -120.159836
v -89.939438 17.001938 -121.327301
v -76.776085 -32.439442 -120.031868
v -76.776085 17.004959 -121.199333
v -90.153343 -31.923233 -98.169449
v -90.153343 17.521168 -99.336914
v -76.989990 -31.920212 -98.041473
v -76.989990 17.524189 -99.208939
v -96.982574 -17.342569 -101.635246
v -97.366119 -16.357157 -93.588768
v -104.485413 -16.991873 -102.035828
v -104.868958 -16.006458 -93.989349
v -95.008049 19.810829 -106.091125
v -95.391586 20.796242 -98.044655
v -102.510887 20.161526 -106.491707
v -102.894424 21.146938 -98.445229
vt 0.875000 0.500000
vt 0.625000 0.750000
vt 0.625000 0.500000
vt 0.375000 1.000000
vt 0.375000 0.750000
vt 0.625000 0.000000
vt 0.375000 0.250000
vt 0.375000 0.000000
vt 0.375000 0.500000
vt 0.125000 0.750000
vt 0.125000 0.500000
vt 0.625000 0.250000
vt 0.625000 0.500000
vt 0.875000 0.750000
vt 0.625000 0.750000
vt 0.375000 1.000000
vt 0.375000 0.750000
vt 0.625000 0.000000
vt 0.375000 0.250000
vt 0.375000 0.000000
vt 0.375000 0.500000
vt 0.125000 0.750000
vt 0.125000 0.500000
vt 0.625000 0.250000
vt 0.625000 0.500000
vt 0.875000 0.750000
vt 0.625000 0.750000
vt 0.375000 1.000000
vt 0.375000 0.750000
vt 0.625000 0.000000
vt 0.375000 0.250000
vt 0.375000 0.000000
vt 0.375000 0.500000
vt 0.125000 0.750000
vt 0.125000 0.500000
vt 0.875000 0.750000
vt 0.625000 1.000000
vt 0.875000 0.500000
vt 0.625000 1.000000
vt 0.875000 0.500000
vt 0.625000 1.000000
vt 0.625000 0.250000
vn 0.0000 0.9997 -0.0236
vn -0.1184 0.0234 0.9927
vn -0.9930 -0.0028 -0.1184
vn -0.0000 -0.9997 0.0236
vn 0.9930 0.0028 0.1184
vn 0.1184 -0.0234 -0.9927
vn -1.0000 -0.0002 -0.0097
vn 0.0097 -0.0236 -0.9997
vn -0.0097 0.0236 0.9997
vn 1.0000 0.0002 0.0097
vn -0.0473 0.1214 0.9915
vn 0.9975 -0.0466 0.0533
vn -0.0527 -0.9915 0.1189
vn 0.0473 -0.1214 -0.9915
vn 0.0527 0.9915 -0.1189
vn -0.9975 0.0466 -0.0533
usemtl マテリアル.011
s off
f 173/295/116 171/296/116 169/297/116
f 171/296/117 176/298/117 172/299/117
f 175/300/118 174/301/118 176/302/118
f 170/303/119 176/304/119 174/305/119
f 169/297/120 172/299/120 170/303/120
f 173/306/121 170/303/121 174/301/121
f 177/307/116 183/308/116 179/309/116
f 179/309/122 184/310/122 180/311/122
f 183/312/123 182/313/123 184/314/123
f 178/315/119 184/316/119 182/317/119
f 177/307/124 180/311/124 178/315/124
f 181/318/125 178/315/125 182/313/125
f 185/319/126 191/320/126 187/321/126
f 187/321/127 192/322/127 188/323/127
f 191/324/128 190/325/128 192/326/128
f 186/327/129 192/328/129 190/329/129
f 186/327/130 187/321/130 188/323/130
f 190/325/131 185/319/131 186/327/131
f 173/295/116 175/330/116 171/296/116
f 171/296/117 175/331/117 176/298/117
f 175/300/118 173/306/118 174/301/118
f 170/303/119 172/299/119 176/304/119
f 169/297/120 171/296/120 172/299/120
f 173/306/121 169/297/121 170/303/121
f 177/307/116 181/332/116 183/308/116
f 179/309/122 183/333/122 184/310/122
f 183/312/123 181/318/123 182/313/123
f 178/315/119 180/311/119 184/316/119
f 177/307/124 179/309/124 180/311/124
f 181/318/125 177/307/125 178/315/125
f 185/319/126 189/334/126 191/320/126
f 187/321/127 191/335/127 192/322/127
f 191/324/128 189/336/128 190/325/128
f 186/327/129 188/323/129 192/328/129
f 186/327/130 185/319/130 187/321/130
f 190/325/131 189/336/131 185/319/131
o Cube.027_Cube.111
v 21.404684 24.729092 -175.303665
v 21.404684 -24.729092 -175.303665
v 10.875089 24.729092 -183.204163
v 10.875089 -24.729092 -183.204163
v 8.202617 24.729092 -157.708252
v 8.202617 -24.729092 -157.708252
v -2.326979 24.729092 -165.608749
v -2.326979 -24.729092 -165.608749
v 15.522136 10.070682 -156.034531
v 10.922359 9.275482 -149.395737
v 21.717848 9.710627 -151.784882
v 17.118071 8.915426 -145.146088
v 16.129227 -27.177551 -160.075531
v 11.529450 -27.972752 -153.436722
v 22.324940 -27.537607 -155.825867
v 17.725163 -28.332808 -149.187073
v 8.460711 -32.553303 -178.930191
v 8.460711 17.559317 -178.930191
v 2.230026 -32.553303 -168.409744
v 2.230026 17.559317 -168.409744
v 30.438835 -32.553303 -165.913757
v 30.438835 17.559317 -165.913757
v 24.208149 -32.553303 -155.393311
v 24.208149 17.559317 -155.393311
vt 0.875000 0.500000
vt 0.625000 0.500000
vt 0.625000 0.750000
vt 0.375000 0.750000
vt 0.375000 1.000000
vt 0.625000 0.000000
vt 0.375000 0.000000
vt 0.375000 0.250000
vt 0.375000 0.500000
vt 0.125000 0.500000
vt 0.125000 0.750000
vt 0.625000 0.250000
vt 0.625000 0.500000
vt 0.625000 0.750000
vt 0.875000 0.750000
vt 0.375000 0.750000
vt 0.375000 1.000000
vt 0.625000 0.000000
vt 0.375000 0.000000
vt 0.375000 0.250000
vt 0.375000 0.500000
vt 0.125000 0.500000
vt 0.125000 0.750000
vt 0.875000 0.500000
vt 0.625000 0.500000
vt 0.625000 0.750000
vt 0.375000 0.750000
vt 0.375000 1.000000
vt 0.625000 0.000000
vt 0.375000 0.000000
vt 0.375000 0.250000
vt 0.125000 0.500000
vt 0.125000 0.750000
vt 0.375000 0.500000
vt 0.625000 0.250000
vt 0.875000 0.750000
vt 0.625000 1.000000
vt 0.875000 0.500000
vt 0.625000 1.000000
vt 0.625000 0.250000
vt 0.875000 0.750000
vt 0.625000 1.000000
vn 0.0000 1.0000 0.0000
vn -0.7999 0.0000 -0.6002
vn -0.6002 0.0000 0.7999
vn 0.0000 -1.0000 0.0000
vn 0.6002 0.0000 -0.7999
vn 0.7999 0.0000 0.6002
vn 0.5668 0.0980 -0.8180
vn 0.8237 -0.0479 0.5650
vn 0.0162 -0.9940 -0.1078
vn -0.5668 -0.0980 0.8180
vn -0.0162 0.9940 0.1078
vn -0.8237 0.0479 -0.5650
vn 0.5096 0.0000 -0.8604
vn -0.8604 0.0000 -0.5096
vn 0.8604 0.0000 0.5096
vn -0.5096 0.0000 0.8604
usemtl マテリアル.012
s off
f 197/337/132 193/338/132 195/339/132
f 195/339/133 196/340/133 200/341/133
f 199/342/134 200/343/134 198/344/134
f 194/345/135 198/346/135 200/347/135
f 193/338/136 194/345/136 196/340/136
f 197/348/137 198/344/137 194/345/137
f 201/349/138 203/350/138 207/351/138
f 203/350/139 204/352/139 208/353/139
f 207/354/140 208/355/140 206/356/140
f 202/357/141 206/358/141 208/359/141
f 202/357/142 204/352/142 203/350/142
f 206/356/143 202/357/143 201/349/143
f 213/360/132 209/361/132 211/362/132
f 211/362/144 212/363/144 216/364/144
f 215/365/145 216/366/145 214/367/145
f 214/368/135 216/369/135 212/363/135
f 209/361/146 210/370/146 212/363/146
f 213/371/147 214/367/147 210/370/147
f 197/337/132 195/339/132 199/372/132
f 195/339/133 200/341/133 199/373/133
f 199/342/134 198/344/134 197/348/134
f 194/345/135 200/347/135 196/340/135
f 193/338/136 196/340/136 195/339/136
f 197/348/137 194/345/137 193/338/137
f 201/349/138 207/351/138 205/374/138
f 203/350/139 208/353/139 207/375/139
f 207/354/140 206/356/140 205/376/140
f 202/357/141 208/359/141 204/352/141
f 202/357/142 203/350/142 201/349/142
f 206/356/143 201/349/143 205/376/143
f 213/360/132 211/362/132 215/377/132
f 211/362/144 216/364/144 215/378/144
f 215/365/145 214/367/145 213/371/145
f 214/368/135 212/363/135 210/370/135
f 209/361/146 212/363/146 211/362/146
f 213/371/147 210/370/147 209/361/147
o Cube.032_Cube.116
v 109.017624 -25.056309 -123.594528
v 109.017624 25.056309 -123.594528
v 107.569344 -25.056309 -135.735535
v 107.569344 25.056309 -135.735535
v 83.654045 -25.056309 -120.568947
v 83.654045 25.056309 -120.568947
v 82.205765 -25.056309 -132.709946
v 82.205765 25.056309 -132.709946
v 96.535446 32.226086 -118.605247
v 96.535446 -17.232098 -118.605247
v 109.698807 32.226086 -118.733253
v 109.698807 -17.232098 -118.733253
v 96.321548 32.226086 -140.601761
v 96.321548 -17.232098 -140.601761
v 109.484901 32.226086 -140.729767
v 109.484901 -17.232098 -140.729767
v 89.492310 17.567675 -137.481110
v 89.108772 16.772474 -145.548599
v 81.989471 17.207619 -137.088928
v 81.605927 16.412418 -145.156418
v 91.466843 -19.680555 -133.903473
v 91.083298 -20.475754 -141.970978
v 83.964005 -20.040609 -133.511292
v 83.580460 -20.835810 -141.578781
vt 0.875000 0.500000
vt 0.625000 0.750000
vt 0.625000 0.500000
vt 0.375000 1.000000
vt 0.375000 0.750000
vt 0.625000 0.000000
vt 0.375000 0.250000
vt 0.375000 0.000000
vt 0.375000 0.500000
vt 0.125000 0.750000
vt 0.125000 0.500000
vt 0.625000 0.250000
vt 0.625000 0.500000
vt 0.875000 0.750000
vt 0.625000 0.750000
vt 0.375000 1.000000
vt 0.375000 0.750000
vt 0.625000 0.000000
vt 0.375000 0.250000
vt 0.375000 0.000000
vt 0.375000 0.500000
vt 0.125000 0.750000
vt 0.125000 0.500000
vt 0.625000 0.250000
vt 0.625000 0.500000
vt 0.875000 0.750000
vt 0.625000 0.750000
vt 0.375000 1.000000
vt 0.375000 0.750000
vt 0.625000 0.000000
vt 0.375000 0.250000
vt 0.375000 0.000000
vt 0.375000 0.500000
vt 0.125000 0.750000
vt 0.125000 0.500000
vt 0.875000 0.750000
vt 0.625000 1.000000
vt 0.875000 0.500000
vt 0.625000 1.000000
vt 0.875000 0.500000
vt 0.625000 1.000000
vt 0.625000 0.250000
vn 0.0000 -1.0000 0.0000
vn -0.1184 0.0000 -0.9930
vn -0.9930 0.0000 0.1184
vn 0.0000 1.0000 0.0000
vn 0.9930 0.0000 -0.1184
vn 0.1184 0.0000 0.9930
vn -1.0000 0.0000 0.0097
vn 0.0097 0.0000 1.0000
vn -0.0097 0.0000 -1.0000
vn 1.0000 0.0000 -0.0097
vn -0.0473 -0.0980 -0.9941
vn 0.9975 0.0479 -0.0521
vn -0.0527 0.9940 -0.0955
vn 0.0473 0.0980 0.9941
vn 0.0527 -0.9940 0.0955
vn -0.9975 -0.0479 0.0521
usemtl マテリアル.006
s off
f 221/379/148 219/380/148 217/381/148
f 219/380/149 224/382/149 220/383/149
f 223/384/150 222/385/150 224/386/150
f 218/387/151 224/388/151 222/389/151
f 217/381/152 220/383/152 218/387/152
f 221/390/153 218/387/153 222/385/153
f 225/391/148 231/392/148 227/393/148
f 227/393/154 232/394/154 228/395/154
f 231/396/155 230/397/155 232/398/155
f 226/399/151 232/400/151 230/401/151
f 225/391/156 228/395/156 226/399/156
f 229/402/157 226/399/157 230/397/157
f 233/403/158 239/404/158 235/405/158
f 235/405/159 240/406/159 236/407/159
f 239/408/160 238/409/160 240/410/160
f 234/411/161 240/412/161 238/413/161
f 234/411/162 235/405/162 236/407/162
f 238/409/163 233/403/163 234/411/163
f 221/379/148 223/414/148 219/380/148
f 219/380/149 223/415/149 224/382/149
f 223/384/150 221/390/150 222/385/150
f 218/387/151 220/383/151 224/388/151
f 217/381/152 219/380/152 220/383/152
f 221/390/153 217/381/153 218/387/153
f 225/391/148 229/416/148 231/392/148
f 227/393/154 231/417/154 232/394/154
f 231/396/155 229/402/155 230/397/155
f 226/399/151 228/395/151 232/400/151
f 225/391/156 227/393/156 228/395/156
f 229/402/157 225/391/157 226/399/157
f 233/403/158 237/418/158 239/404/158
f 235/405/159 239/419/159 240/406/159
f 239/408/160 237/420/160 238/409/160
f 234/411/161 236/407/161 240/412/161
f 234/411/162 233/403/162 235/405/162
f 238/409/163 237/420/163 233/403/163
o Cube.033_Cube.117
v 125.333450 -25.074076 -76.997803
v 125.333450 24.358213 -78.598076
v 138.496811 -25.069935 -76.869873
v 138.496811 24.362354 -78.470139
v 125.119560 -24.362354 -55.012798
v 125.119553 25.069935 -56.613071
v 138.282913 -24.358213 -54.884865
v 138.282913 25.074076 -56.485134
v 118.290337 -9.812593 -58.606106
v 117.906792 -8.756777 -50.568562
v 110.787491 -9.465416 -59.009735
v 110.403954 -8.409600 -50.972191
v 120.264862 27.300383 -63.387066
v 119.881317 28.356199 -55.349525
v 112.762024 27.647560 -63.790695
v 112.378479 28.703375 -55.753155
v 137.815643 32.339760 -73.864571
v 137.815643 -17.746620 -72.243126
v 136.367371 32.732597 -61.729931
v 136.367371 -17.353786 -60.108486
v 112.452065 32.241863 -76.888565
v 112.452065 -17.844517 -75.267120
v 111.003784 32.634701 -64.753922
v 111.003784 -17.451683 -63.132477
vt 0.875000 0.500000
vt 0.625000 0.500000
vt 0.625000 0.750000
vt 0.375000 0.750000
vt 0.375000 1.000000
vt 0.625000 0.000000
vt 0.375000 0.000000
vt 0.375000 0.250000
vt 0.375000 0.500000
vt 0.125000 0.500000
vt 0.125000 0.750000
vt 0.625000 0.250000
vt 0.625000 0.500000
vt 0.625000 0.750000
vt 0.875000 0.750000
vt 0.375000 0.750000
vt 0.375000 1.000000
vt 0.625000 0.000000
vt 0.375000 0.000000
vt 0.375000 0.250000
vt 0.375000 0.500000
vt 0.125000 0.500000
vt 0.125000 0.750000
vt 0.875000 0.500000
vt 0.625000 0.500000
vt 0.625000 0.750000
vt 0.375000 0.750000
vt 0.375000 1.000000
vt 0.625000 0.000000
vt 0.375000 0.000000
vt 0.375000 0.250000
vt 0.125000 0.500000
vt 0.125000 0.750000
vt 0.375000 0.500000
vt 0.625000 0.250000
vt 0.875000 0.750000
vt 0.625000 1.000000
vt 0.875000 0.500000
vt 0.625000 1.000000
vt 0.625000 0.250000
vt 0.875000 0.750000
vt 0.625000 1.000000
vn -0.0000 -0.9995 0.0324
vn 1.0000 0.0003 0.0097
vn -0.0097 0.0324 0.9994
vn 0.0000 0.9995 -0.0324
vn 0.0097 -0.0324 -0.9994
vn -1.0000 -0.0003 -0.0097
vn 0.0473 -0.1301 -0.9904
vn -0.9975 0.0462 -0.0537
vn 0.0527 0.9904 -0.1276
vn -0.0473 0.1301 0.9904
vn -0.0527 -0.9904 0.1276
vn 0.9975 -0.0462 0.0537
vn 0.1184 -0.0321 -0.9924
vn 0.9930 0.0038 0.1184
vn -0.9930 -0.0038 -0.1184
vn -0.1184 0.0321 0.9924
usemtl マテリアル.004
s off
f 245/421/164 241/422/164 243/423/164
f 243/423/165 244/424/165 248/425/165
f 247/426/166 248/427/166 246/428/166
f 242/429/167 246/430/167 248/431/167
f 241/422/168 242/429/168 244/424/168
f 245/432/169 246/428/169 242/429/169
f 249/433/170 251/434/170 255/435/170
f 251/434/171 252/436/171 256/437/171
f 255/438/172 256/439/172 254/440/172
f 250/441/173 254/442/173 256/443/173
f 250/441/174 252/436/174 251/434/174
f 254/440/175 250/441/175 249/433/175
f 261/444/164 257/445/164 259/446/164
f 259/446/176 260/447/176 264/448/176
f 263/449/177 264/450/177 262/451/177
f 262/452/167 264/453/167 260/447/167
f 257/445/178 258/454/178 260/447/178
f 261/455/179 262/451/179 258/454/179
f 245/421/164 243/423/164 247/456/164
f 243/423/165 248/425/165 247/457/165
f 247/426/166 246/428/166 245/432/166
f 242/429/167 248/431/167 244/424/167
f 241/422/168 244/424/168 243/423/168
f 245/432/169 242/429/169 241/422/169
f 249/433/170 255/435/170 253/458/170
f 251/434/171 256/437/171 255/459/171
f 255/438/172 254/440/172 253/460/172
f 250/441/173 256/443/173 252/436/173
f 250/441/174 251/434/174 249/433/174
f 254/440/175 249/433/175 253/460/175
f 261/444/164 259/446/164 263/461/164
f 259/446/176 264/448/176 263/462/176
f 263/449/177 262/451/177 261/455/177
f 262/452/167 260/447/167 258/454/167
f 257/445/178 260/447/178 259/446/178
f 261/455/179 258/454/179 257/445/179
o Cube.036_Cube.120
v 133.847580 24.729092 20.913979
v 133.847580 -24.729092 20.913979
v 147.010941 24.729092 20.785973
v 147.010941 -24.729092 20.785973
v 133.633682 24.729092 -1.082543
v 133.633682 -24.729092 -1.082543
v 146.797043 24.729092 -1.210549
v 146.797043 -24.729092 -1.210549
v 126.804459 10.070682 2.038112
v 126.420921 9.275482 -6.029385
v 119.301620 9.710627 2.430300
v 118.918076 8.915426 -5.637197
v 128.778992 -27.177551 5.615741
v 128.395447 -27.972752 -2.451756
v 121.276146 -27.537607 6.007929
v 120.892609 -28.332808 -2.059567
v 146.329788 -32.553303 15.924696
v 146.329788 17.559317 15.924696
v 144.881500 -32.553303 3.783700
v 144.881500 17.559317 3.783700
v 120.966194 -32.553303 18.950283
v 120.966194 17.559317 18.950283
v 119.517914 -32.553303 6.809285
v 119.517914 17.559317 6.809285
vt 0.875000 0.500000
vt 0.625000 0.500000
vt 0.625000 0.750000
vt 0.375000 0.750000
vt 0.375000 1.000000
vt 0.625000 0.000000
vt 0.375000 0.000000
vt 0.375000 0.250000
vt 0.375000 0.500000
vt 0.125000 0.500000
vt 0.125000 0.750000
vt 0.625000 0.250000
vt 0.625000 0.500000
vt 0.625000 0.750000
vt 0.875000 0.750000
vt 0.375000 0.750000
vt 0.375000 1.000000
vt 0.625000 0.000000
vt 0.375000 0.000000
vt 0.375000 0.250000
vt 0.375000 0.500000
vt 0.125000 0.500000
vt 0.125000 0.750000
vt 0.875000 0.500000
vt 0.625000 0.500000
vt 0.625000 0.750000
vt 0.375000 0.750000
vt 0.375000 1.000000
vt 0.625000 0.000000
vt 0.375000 0.000000
vt 0.375000 0.250000
vt 0.125000 0.500000
vt 0.125000 0.750000
vt 0.375000 0.500000
vt 0.625000 0.250000
vt 0.875000 0.750000
vt 0.625000 1.000000
vt 0.875000 0.500000
vt 0.625000 1.000000
vt 0.625000 0.250000
vt 0.875000 0.750000
vt 0.625000 1.000000
vn 0.0000 1.0000 0.0000
vn 1.0000 0.0000 -0.0097
vn -0.0097 0.0000 -1.0000
vn 0.0000 -1.0000 0.0000
vn 0.0097 0.0000 1.0000
vn -1.0000 0.0000 0.0097
vn 0.0473 0.0980 0.9941
vn -0.9975 -0.0479 0.0521
vn 0.0527 -0.9940 0.0955
vn -0.0473 -0.0980 -0.9941
vn -0.0527 0.9940 -0.0955
vn 0.9975 0.0479 -0.0521
vn 0.1184 0.0000 0.9930
vn 0.9930 0.0000 -0.1184
vn -0.9930 0.0000 0.1184
vn -0.1184 0.0000 -0.9930
usemtl マテリアル.005
s off
f 269/463/180 265/464/180 267/465/180
f 267/465/181 268/466/181 272/467/181
f 271/468/182 272/469/182 270/470/182
f 266/471/183 270/472/183 272/473/183
f 265/464/184 266/471/184 268/466/184
f 269/474/185 270/470/185 266/471/185
f 273/475/186 275/476/186 279/477/186
f 275/476/187 276/478/187 280/479/187
f 279/480/188 280/481/188 278/482/188
f 274/483/189 278/484/189 280/485/189
f 274/483/190 276/478/190 275/476/190
f 278/482/191 274/483/191 273/475/191
f 285/486/180 281/487/180 283/488/180
f 283/488/192 284/489/192 288/490/192
f 287/491/193 288/492/193 286/493/193
